[2025-04-20T11:51:06Z] Started EB User Data
+ SLEEP_TIME=2
+ SLEEP_TIME_MAX=3600
+ true
+ curl https://elasticbeanstalk-platform-assets-eu-north-1.s3.eu-north-1.amazonaws.com/stalks/eb_python313_amazon_linux_2023_1.0.599.0_20250327002531/lib/UserDataScript.sh
  % Total    % Received % Xferd  Average Speed   Time    Time     Time  Current
                                 Dload  Upload   Total   Spent    Left  Speed
  0     0    0     0    0     0      0      0 --:--:-- --:--:-- --:--:--     0100  4838  100  4838    0     0  43639      0 --:--:-- --:--:-- --:--:-- 43981
+ RESULT=0
+ [[ 0 -ne 0 ]]
+ /bin/bash /tmp/ebbootstrap.sh 'https://cloudformation-waitcondition-eu-north-1.s3.eu-north-1.amazonaws.com/arn%3Aaws%3Acloudformation%3Aeu-north-1%3A100932270422%3Astack/awseb-e-xq2swmh6hn-stack/9f8be9d0-1ddd-11f0-816b-06bbfa989087/9f8e0cb0-1ddd-11f0-816b-06bbfa989087/AWSEBInstanceLaunchWaitHandle?X-Amz-Algorithm=AWS4-HMAC-SHA256&X-Amz-Date=20250420T115018Z&X-Amz-SignedHeaders=host&X-Amz-Expires=86399&X-Amz-Credential=AKIAYOLCI72B3THBPXUL%2F20250420%2Feu-north-1%2Fs3%2Faws4_request&X-Amz-Signature=5ccf2ff0cbcfe138a088004e379643cc6276bda001b2f49fad1dcd3043306b80' arn:aws:cloudformation:eu-north-1:100932270422:stack/awseb-e-xq2swmh6hn-stack/9f8be9d0-1ddd-11f0-816b-06bbfa989087 7ac0ff0a-6f83-4c19-94ff-d3eb8bbd1238 https://elasticbeanstalk-health.eu-north-1.amazonaws.com '' https://elasticbeanstalk-platform-assets-eu-north-1.s3.eu-north-1.amazonaws.com/stalks/eb_python313_amazon_linux_2023_1.0.599.0_20250327002531 eu-north-1
[2025-04-20T11:51:06.227Z] Started EB Bootstrapping Script.
[2025-04-20T11:51:06.237Z] Received parameters:
 TARBALLS = 
 EB_GEMS = 
 SIGNAL_URL = https://cloudformation-waitcondition-eu-north-1.s3.eu-north-1.amazonaws.com/arn%3Aaws%3Acloudformation%3Aeu-north-1%3A100932270422%3Astack/awseb-e-xq2swmh6hn-stack/9f8be9d0-1ddd-11f0-816b-06bbfa989087/9f8e0cb0-1ddd-11f0-816b-06bbfa989087/AWSEBInstanceLaunchWaitHandle?X-Amz-Algorithm=AWS4-HMAC-SHA256&X-Amz-Date=20250420T115018Z&X-Amz-SignedHeaders=host&X-Amz-Expires=86399&X-Amz-Credential=AKIAYOLCI72B3THBPXUL%2F20250420%2Feu-north-1%2Fs3%2Faws4_request&X-Amz-Signature=5ccf2ff0cbcfe138a088004e379643cc6276bda001b2f49fad1dcd3043306b80
 STACK_ID = arn:aws:cloudformation:eu-north-1:100932270422:stack/awseb-e-xq2swmh6hn-stack/9f8be9d0-1ddd-11f0-816b-06bbfa989087
 REGION = eu-north-1
 GUID = 
 HEALTHD_GROUP_ID = 7ac0ff0a-6f83-4c19-94ff-d3eb8bbd1238
 HEALTHD_ENDPOINT = https://elasticbeanstalk-health.eu-north-1.amazonaws.com
 PROXY_SERVER = 
 HEALTHD_PROXY_LOG_LOCATION = 
 PLATFORM_ASSETS_URL = https://elasticbeanstalk-platform-assets-eu-north-1.s3.eu-north-1.amazonaws.com/stalks/eb_python313_amazon_linux_2023_1.0.599.0_20250327002531
[2025-04-20T11:51:06.265Z] engine url is set to https://elasticbeanstalk-platform-assets-eu-north-1.s3.eu-north-1.amazonaws.com/stalks/eb_python313_amazon_linux_2023_1.0.599.0_20250327002531/lib/platform-engine.zip
[2025-04-20T11:51:06.272Z] first init of instance.
[2025-04-20T11:51:06.291Z] Started executing cfn_init _OnInstanceBoot.
[2025-04-20T11:51:06.296Z] Running cfn-init ConfigSet: _OnInstanceBoot.
[2025-04-20T11:51:06.307Z] Using stack-id from userdata
[2025-04-20T11:51:07.605Z] Command Returned: 
[2025-04-20T11:51:07.608Z] Completed executing cfn_init.
[2025-04-20T11:51:07.612Z] finished _OnInstanceBoot
[2025-04-20T11:51:07.614Z] installing platform engine
2025-04-20 11:51:08 URL:https://elasticbeanstalk-platform-assets-eu-north-1.s3.eu-north-1.amazonaws.com/stalks/eb_python313_amazon_linux_2023_1.0.599.0_20250327002531/lib/platform-engine.zip [33292780/33292780] -> "/tmp/platform-engine.zip" [1]
[2025-04-20T11:51:09.315Z] executing platform engine. see /var/log/eb-engine.log.
[2025-04-20T11:51:13.951Z] Successfully bootstrapped instance.
[2025-04-20T11:51:13.957Z] Sending signal 0 to CFN wait condition https://cloudformation-waitcondition-eu-north-1.s3.eu-north-1.amazonaws.com/arn%3Aaws%3Acloudformation%3Aeu-north-1%3A100932270422%3Astack/awseb-e-xq2swmh6hn-stack/9f8be9d0-1ddd-11f0-816b-06bbfa989087/9f8e0cb0-1ddd-11f0-816b-06bbfa989087/AWSEBInstanceLaunchWaitHandle?X-Amz-Algorithm=AWS4-HMAC-SHA256&X-Amz-Date=20250420T115018Z&X-Amz-SignedHeaders=host&X-Amz-Expires=86399&X-Amz-Credential=AKIAYOLCI72B3THBPXUL%2F20250420%2Feu-north-1%2Fs3%2Faws4_request&X-Amz-Signature=5ccf2ff0cbcfe138a088004e379643cc6276bda001b2f49fad1dcd3043306b80
CloudFormation signaled successfully with status SUCCESS
[2025-04-20T11:51:14.576Z] Tailing /var/log/eb-engine.log

******************* eb-engine taillog *******************
2025/04/20 11:51:12.016639 [INFO] 1001

2025/04/20 11:51:12.016972 [INFO] configure bundle log for healthd...
2025/04/20 11:51:12.017040 [INFO] Executing instruction: GetSetupProxyLog
2025/04/20 11:51:12.017120 [INFO] Skipping Install yum packages
2025/04/20 11:51:12.017126 [INFO] Skipping Install Python Bundle
2025/04/20 11:51:12.017131 [INFO] Skipping Configure Python site-packages
2025/04/20 11:51:12.017137 [INFO] Skipping Install Python Modules
2025/04/20 11:51:12.017142 [INFO] Skipping MarkBaked
2025/04/20 11:51:12.017148 [INFO] Instance has NOT been bootstrapped
2025/04/20 11:51:12.017151 [INFO] Executing instruction: TuneSystemSettings
2025/04/20 11:51:12.017154 [INFO] Starting TuneSystemSettings
2025/04/20 11:51:12.017159 [INFO] Instance has NOT been bootstrapped
2025/04/20 11:51:12.019770 [INFO] Executing instruction: GetSetupLogRotate
2025/04/20 11:51:12.019779 [INFO] Initialize LogRotate files and directories
2025/04/20 11:51:12.037260 [INFO] Instance has NOT been bootstrapped
2025/04/20 11:51:12.037272 [INFO] Executing instruction: BootstrapCFNHup
2025/04/20 11:51:12.037275 [INFO] Bootstrap cfn-hup
2025/04/20 11:51:12.039338 [INFO] Copying file /opt/elasticbeanstalk/config/private/aws-eb-command-handler.conf to /etc/cfn/hooks.d/aws-eb-command-handler.conf
2025/04/20 11:51:12.041318 [INFO] Executing instruction: StartCFNHup
2025/04/20 11:51:12.041325 [INFO] Start cfn-hup
2025/04/20 11:51:12.041341 [INFO] Running command: systemctl show -p PartOf cfn-hup.service
2025/04/20 11:51:12.069650 [INFO] cfn-hup is not registered with EB yet, registering it now
2025/04/20 11:51:12.069682 [INFO] Running command: systemctl show -p PartOf cfn-hup.service
2025/04/20 11:51:12.090321 [INFO] Running command: systemctl daemon-reload
2025/04/20 11:51:12.627305 [INFO] Running command: systemctl reset-failed
2025/04/20 11:51:12.642108 [INFO] Running command: systemctl is-enabled aws-eb.target
2025/04/20 11:51:12.653154 [INFO] Running command: systemctl enable aws-eb.target
2025/04/20 11:51:13.204750 [INFO] Running command: systemctl start aws-eb.target
2025/04/20 11:51:13.220324 [INFO] Running command: systemctl enable cfn-hup.service
2025/04/20 11:51:13.805962 [INFO] Created symlink /etc/systemd/system/multi-user.target.wants/cfn-hup.service → /etc/systemd/system/cfn-hup.service.

2025/04/20 11:51:13.805993 [INFO] Running command: systemctl is-active cfn-hup.service
2025/04/20 11:51:13.819634 [INFO] cfn-hup process is not running, starting it now
2025/04/20 11:51:13.819659 [INFO] Running command: systemctl show -p PartOf cfn-hup.service
2025/04/20 11:51:13.833984 [INFO] Running command: systemctl is-active cfn-hup.service
2025/04/20 11:51:13.843272 [INFO] Running command: systemctl start cfn-hup.service
2025/04/20 11:51:13.946257 [INFO] Instance has NOT been bootstrapped
2025/04/20 11:51:13.946275 [INFO] Executing instruction: SetupPublishLogCronjob
2025/04/20 11:51:13.946279 [INFO] Setup publish logs cron job...
2025/04/20 11:51:13.946283 [INFO] Copying file /opt/elasticbeanstalk/config/private/logtasks/cron/publishlogs to /etc/cron.d/publishlogs
2025/04/20 11:51:13.948630 [INFO] Instance has NOT been bootstrapped
2025/04/20 11:51:13.948640 [INFO] Executing instruction: MarkBootstrapped
2025/04/20 11:51:13.948643 [INFO] Starting MarkBootstrapped
2025/04/20 11:51:13.948648 [INFO] Instance has NOT been bootstrapped
2025/04/20 11:51:13.948806 [INFO] Marked instance as Bootstrapped
2025/04/20 11:51:13.948814 [INFO] Executing instruction: Save CFN Stack Info
2025/04/20 11:51:13.948881 [INFO] Executing cleanup logic
2025/04/20 11:51:13.948892 [INFO] Platform Engine finished execution on command: env-launch
******************* End of taillog *******************


[2025-04-20T11:51:14.583Z] Tailing /var/log/eb-tools.log

******************* eb-tools taillog *******************
***eb-tools is not available yet.***
******************* End of taillog *******************


[2025-04-20T11:51:14.639Z] Tailing /var/log/eb-hooks.log

******************* eb-hooks taillog *******************
***eb-hooks is not available yet.***
******************* End of taillog *******************


[2025-04-20T11:51:14.642Z] Tailing /var/log/cfn-init.log

******************* cfn-init taillog *******************
2025-04-20 11:51:07,073 [INFO] -----------------------Starting build-----------------------
2025-04-20 11:51:07,086 [INFO] Running configSets: _OnInstanceBoot
2025-04-20 11:51:07,089 [INFO] Running configSet _OnInstanceBoot
2025-04-20 11:51:07,093 [INFO] Running config AWSEBBaseConfig
2025-04-20 11:51:07,496 [INFO] Command clearbackupfiles succeeded
2025-04-20 11:51:07,501 [INFO] Running config AWSEBCfnHupEndpointOverride
2025-04-20 11:51:07,519 [INFO] Command clearbackupfiles succeeded
2025-04-20 11:51:07,521 [INFO] ConfigSets completed
2025-04-20 11:51:07,521 [INFO] -----------------------Build complete-----------------------
******************* End of taillog *******************


[2025-04-20T11:51:14.647Z] Tailing /var/log/cfn-hup.log

******************* cfn-hup taillog *******************
2025-04-20 11:51:14,396 [DEBUG] CloudFormation client initialized with endpoint https://cloudformation.eu-north-1.amazonaws.com
2025-04-20 11:51:14,396 [DEBUG] SQS client initialized with endpoint https://sqs.eu-north-1.amazonaws.com
2025-04-20 11:51:14,396 [DEBUG] CloudFormation client initialized with endpoint https://cloudformation.eu-north-1.amazonaws.com
2025-04-20 11:51:14,396 [DEBUG] Enabled single threading mode.
2025-04-20 11:51:14,397 [DEBUG] Creating /var/lib/cfn-hup/data
2025-04-20 11:51:14,405 [INFO] No umask value specified in config file. Using the default one: 0o22
2025-04-20 11:51:14,503 [INFO] Pid: 1808
******************* End of taillog *******************


[2025-04-20T11:51:14.660Z] Completed EB Bootstrapping Script.
+ RESULT=0
+ [[ 0 -ne 0 ]]
+ exit 0
